=================================================================
 Using acceleration noise components:
 ------------------------------------
  noise_ax = 5;
  noise_ay = 5;
Radar and Laser:
----------------
x_ = -1.79968
 3.72994
 1.96117
0.184456
P_ =  0.00442943 0.000251288   0.0115373  0.00223862
0.000251288  0.00367211  0.00333002  0.00616872
  0.0115373  0.00333002   0.0729453   0.0167222
 0.00223862  0.00616872   0.0167222   0.0426506
RMSE = 0.0744962
0.0740675
 0.281937
 0.241657


Only Laser:
-----------
x_ =   -1.83814
   3.68849
   1.99803
0.00870313
P_ = 0.00944498          0   0.025549          0
         0 0.00944498          0   0.025549
  0.025549          0   0.159841          0
         0   0.025549          0   0.159841
RMSE = 0.0849407
 0.094611
 0.353894
 0.323438


Only Radar:
-----------
x_ = -1.99383
 4.07814
 2.10346
0.286754
P_ =   0.00854704 -0.000158521    0.0197162   0.00507853
-0.000158521   0.00809453   0.00847672   0.00894697
   0.0197162   0.00847672     0.135591    0.0416747
  0.00507853   0.00894697    0.0416747    0.0660487
RMSE = 4.13579
3.26657
5.30983
5.71014
=======================================================================
 Using acceleration noise components:
  noise_ax = 9;
  noise_ay = 9;
 
 Radar and Laser:
----------------

 P_ =  0.00489468 0.000452652   0.0147486  0.00355562
0.000452652  0.00384709  0.00491743  0.00690421
  0.0147486  0.00491743    0.109655   0.0296116
 0.00355562  0.00690421   0.0296116   0.0574325
RMSE = 0.0747761
0.0743069
 0.289759
 0.249506

Only Laser:
----------- 
 x_ =    -1.84909
    3.68725
    1.94961
-0.00550082
P_ = 0.0105149         0  0.032843         0
        0 0.0105149         0  0.032843
 0.032843         0  0.243141         0
        0  0.032843         0  0.243141
RMSE = 0.0881646
0.0978562
 0.370842
 0.349284

Only Radar:
-----------
x_ =  -1.9776
 4.04014
 2.12986
0.357996
P_ =  0.0090659 0.00016928  0.0245858 0.00748002
0.00016928 0.00831224  0.0112284 0.00997251
 0.0245858  0.0112284   0.200331  0.0692497
0.00748002 0.00997251  0.0692497  0.0889119
RMSE =  4.0587
3.36554
6.03317
6.76872
 
 
 
 
 
 
 
  
